StopId,Latitude,Longitude,count
0,37.810355,-122.364865,4
1,37.709505,-122.497885,2
2,37.71035411764706,-122.39305058823527,17
3,37.810116666666666,-122.47686333333333,3
4,37.77150385123966,-122.41989884297534,605
5,37.76358888888889,-122.50960716049389,81
6,37.72292228571429,-122.44443114285711,35
7,37.764139470198685,-122.46543029801333,302
8,37.75139333333333,-122.38064000000001,3
9,37.807896635041104,-122.41761963946863,1581
10,37.73737400000002,-122.4140195,60
11,37.78479952998379,-122.38889536466787,617
12,37.791401608040196,-122.44636281407033,199
13,37.742205641025635,-122.48812384615384,39
14,37.72526,-122.36715,1
15,37.78366561983471,-122.48757661157028,121
16,37.7510236893204,-122.44015019417478,103
17,37.70847830508475,-122.42008881355935,59
18,37.709543076923076,-122.46838461538461,13
19,37.73963233333333,-122.46415533333334,30
20,37.764780225988694,-122.39862194915254,354
21,37.73192296296296,-122.39125962962963,54
22,37.789384761695814,-122.40864907163716,6840
23,37.761542931034484,-122.48680413793103,58
24,37.771494732704376,-122.44109682389943,636
25,37.732220000000005,-122.50626666666666,3
26,37.784823351351335,-122.46657443243241,185
27,37.7211286,-122.48145240000002,50
28,37.78870824401365,-122.42991092360327,877
29,37.782305,-122.51076,2
30,37.73535259259261,-122.43102388888892,54
31,37.7537559347181,-122.42071440652815,674
32,37.806104412955435,-122.4373270040485,247
33,37.72065235294117,-122.40835058823528,17
34,37.80711,-122.457735,2
35,37.74900882352942,-122.50340294117645,17
36,37.74775,-122.40040636363636,22
37,37.79913,-122.3768375,4
38,37.72254725000001,-122.46167099999998,40
39,37.80443435853866,-122.40340562446887,1177
40,37.70900207547169,-122.4521558490566,53
41,37.750125135135136,-122.47438864864866,37
42,37.709609444444446,-122.43633055555554,18
43,37.73615636363636,-122.37790545454548,11
44,37.739047727272734,-122.44865454545453,22
45,37.77314725806451,-122.47723483870962,62
46,37.796262,-122.479548,5
47,37.75386928571429,-122.45447428571427,14
48,37.772756379310344,-122.49826017241378,58
49,37.769545,-122.38552,6
50,37.725413124999996,-122.421069375,16
51,37.77891820224721,-122.40228548314616,445
52,37.77530776470587,-122.45651223529417,255
53,37.761606214953254,-122.4306178037382,642
54,37.72029,-122.38538666666666,3
55,37.708573333333334,-122.48356333333334,3
56,37.73294681818183,-122.47533,22
57,37.76233454545457,-122.41144846394977,319
58,37.723866,-122.495468,5
59,37.79895778813561,-122.42060517796608,1180
60,37.79297629616085,-122.39753573857422,5470
61,37.799666666666674,-122.46755666666667,3
62,37.7605034920635,-122.49882857142862,63
63,37.72057168831168,-122.43496662337667,77
64,37.77716445880452,-122.43206844911141,619
65,37.78300558912378,-122.41808017263696,2317
66,37.74301025641026,-122.38848820512817,39
67,37.70903499999999,-122.4058315,20
68,37.764557254901945,-122.45126601307189,153
69,37.73060612716763,-122.40425179190753,173
70,37.72093897435898,-122.39664641025641,39
71,37.7563445614035,-122.39214385964912,57
72,37.750516,-122.49100720000003,25
73,37.7851294618834,-122.4998583408073,223
74,37.78333588364435,-122.44081578485184,911
75,37.74884183823529,-122.41127272058823,272
76,37.7462069273743,-122.42885927374299,179
77,37.7616554887218,-122.47680067669168,133
78,37.796901623931596,-122.43718655555567,1170
79,37.790575204081634,-122.4594332653061,98
80,37.77271626436787,-122.41003127586214,870
81,37.773286730769236,-122.48772884615389,52
82,37.717427428571426,-122.47290028571426,35
83,37.80418404191617,-122.4455687724551,334
84,37.739623846153854,-122.49928769230769,26
85,37.784931589403975,-122.478195231788,151
86,37.75099785714286,-122.4648096428571,28
87,37.73190769230769,-122.45549846153845,13
88,37.80362127102805,-122.42683138317751,535
89,37.76025812785388,-122.44097511415524,219
90,37.773616813186806,-122.46563373626375,273
91,37.776795868263456,-122.39234726546913,501
92,37.73187062500001,-122.44148125000001,64
93,37.803655475285204,-122.41160285171105,526
94,37.71834666666667,-122.45333925925927,27
95,37.78423394285714,-122.45238474285712,175
96,37.71127333333334,-122.38171000000001,6
97,37.73154636363636,-122.48361545454544,22
98,37.73958648936174,-122.42376989361705,188
99,37.773689999999995,-122.50754492307694,65
100,37.7413008064516,-122.43795741935487,62
101,37.75663305970148,-122.40267477611945,134
102,37.73808547619049,-122.39819261904763,42
103,37.74437477611939,-122.4534713432836,67
104,37.72950238095238,-122.3824919047619,21
105,37.743094000000006,-122.47186674999998,40
106,37.76240359772132,-122.4216750350569,2282
107,37.74197,-122.36981,1
108,37.728221904761895,-122.41095904761903,21
109,37.75547954545454,-122.50806454545454,44
110,37.71210277777777,-122.46042888888888,18
111,37.78241992592593,-122.41023599176978,2430
112,37.71397,-122.41511999999999,7
113,37.73103999999999,-122.46546882352943,17
114,37.71288790322582,-122.44453435483865,62
115,37.804528125,-122.37111312499998,16
116,37.7411803125,-122.50618906250001,32
117,37.753639052132705,-122.43216786729857,211
118,37.747639047619046,-122.48427809523805,21
119,37.79245888888889,-122.38401111111109,9
120,37.742249841269825,-122.40667587301587,63
121,37.71108736842105,-122.42914263157893,19
122,37.747921384615374,-122.44724246153844,65
123,37.79923499999999,-122.4558645,60
124,37.797730533841836,-122.40590121449006,5245
125,37.732361000000004,-122.493683,10
126,37.79785932249321,-122.4289824254743,1476
127,37.78654972981207,-122.40217583117033,6551
128,37.71427,-122.49195,1
129,37.769342039024394,-122.42915349268286,1025
130,37.730704,-122.37422799999997,10
131,37.76335473214287,-122.3901383928572,112
132,37.746485036764696,-122.41940960477923,1088
133,37.75428098039217,-122.48130529411762,51
134,37.731474166666665,-122.42076166666668,48
135,37.76485913043477,-122.49278826086957,46
136,37.725065,-122.502965,4
137,37.7582952173913,-122.46945913043479,46
138,37.78334369892475,-122.45925397849469,465
139,37.71418727272727,-122.40054000000003,11
140,37.790283732605694,-122.4205048840376,3665
141,37.74038914285715,-122.47929714285715,35
142,37.72626555555556,-122.47622263888891,72
143,37.727338809523815,-122.42773,42
144,37.76777188679246,-122.45764377358486,53
145,37.77825642651299,-122.4469843227666,347
146,37.80629181818182,-122.46911878787881,33
147,37.79242333333334,-122.46957333333334,3
148,37.77969248484849,-122.49315224242429,165
149,37.778324567901215,-122.48265765432099,81
150,37.7298515,-122.44871500000004,20
151,37.771588996328056,-122.40191555691568,817
152,37.75795303225808,-122.4623645806452,155
153,37.74453736842105,-122.49419105263159,19
154,37.78055755882353,-122.4723197352941,340
155,37.784415872092985,-122.39546117732569,688
156,37.71659153846155,-122.49798615384614,26
157,37.76853627906973,-122.43551764119611,903
158,37.755332631578945,-122.44666210526317,19
159,37.75518720461093,-122.41458688760807,347
160,37.77708692257647,-122.4230533181524,1537
161,37.77601854103349,-122.41487022289785,987
162,37.7890309930487,-122.43627224429001,1007
163,37.738135937500005,-122.38494156250005,32
164,37.7797614893617,-122.50260691489363,94
165,37.799581718562884,-122.44261644910173,1670
166,37.801424,-122.477396,5
167,37.79235922270203,-122.39216835903775,1621
168,37.717058599999994,-122.4808622,50
169,37.719126969696966,-122.42706333333331,33
170,37.750182168674705,-122.39289156626502,166
171,37.76992048913042,-122.46937505434785,184
172,37.79603942537313,-122.41298284328366,1340
173,37.75338433333333,-122.49726733333337,30
174,37.76677086294418,-122.40565736040605,197
175,37.7244330487805,-122.40205926829269,82
176,37.76634278301884,-122.41560745283022,424
177,37.727209285714295,-122.38908714285716,14
178,37.709449166666666,-122.41273749999998,12
179,37.77100095628413,-122.44996060109291,366
180,37.777194286532925,-122.43828040687661,1745
181,37.717920975609765,-122.43744878048781,41
182,37.72732793103449,-122.43556051724144,58
183,37.790839166666665,-122.48364666666669,12
184,37.72503866666666,-122.46891800000003,15
185,37.715403333333335,-122.38903333333333,3
186,37.76514458646617,-122.47868075187968,133
187,37.723189107142865,-122.45233000000003,56
188,37.759594166666666,-122.49266249999995,48
189,37.80544376573089,-122.42031204259445,1033
190,37.75844203703703,-122.39620641975314,162
191,37.730421666666665,-122.50141,6
192,37.79926025031291,-122.39818101376734,799
193,37.78466753627963,-122.4329586807391,3032
194,37.71892877192983,-122.46625175438598,57
195,37.750136000000005,-122.38569949999999,20
196,37.775917964989105,-122.3938985886214,914
197,37.73674500000001,-122.47011704545457,44
198,37.74619166666666,-122.46196055555554,36
199,37.79687117647058,-122.46227176470587,17
200,37.758333925619816,-122.42563723140489,484
201,37.763552871287146,-122.50412752475248,101
202,37.76759293814436,-122.446485,388
203,37.73824545454545,-122.45823818181816,22
204,37.81064,-122.37076166666667,6
205,37.73007666666667,-122.39766583333333,24
206,37.78999482248519,-122.44250612426039,338
207,37.78900214405824,-122.41440523262348,3568
208,37.76064888888889,-122.38587777777778,9
209,37.78641740199329,-122.42514384717614,1505
210,37.80043256774193,-122.43287660645183,775
211,37.747062576687135,-122.43453527607358,163
212,37.722875306122454,-122.43876551020409,49
213,37.7580871672355,-122.43720757679182,293
214,37.76092528368796,-122.41765040780143,564
215,37.753480900195676,-122.40651448140908,511
216,37.73580317073171,-122.40723780487808,41
217,37.788927882352944,-122.45246882352943,85
218,37.74252,-122.38078,1
219,37.73699986486488,-122.39034486486489,74
220,37.72258111111111,-122.41128666666665,9
221,37.751732736842136,-122.42757503508788,1140
222,37.79803993527507,-122.44915187702264,309
223,37.786533999999996,-122.49391800000001,5
224,37.80801954423593,-122.41263677748,1865
225,37.7458794736842,-122.44281285714284,133
226,37.733872849162005,-122.42616603351945,179
227,37.71452333333333,-122.40676833333333,12
228,37.7401511627907,-122.42819674418605,86
229,37.776612499999985,-122.51203,16
230,37.714,-122.42326,1
231,37.74338461538462,-122.46809269230768,26
232,37.713991014492755,-122.47303072463771,69
233,37.743802,-122.50067133333333,15
234,37.77899642201834,-122.46321481651384,218
235,37.756758928571436,-122.50247142857143,28
236,37.72810625,-122.46095666666666,24
237,37.74504868131868,-122.47616901098897,91
238,37.72542666666667,-122.40760333333334,12
239,37.80246256410255,-122.4416975641025,234
240,37.775595258764625,-122.39730856427371,599
241,37.75643949999999,-122.487991,20
242,37.70933818181818,-122.44508045454545,22
243,37.744945200000004,-122.39508880000001,50
244,37.803025,-122.4628125,4
245,37.79333875,-122.47553624999999,8
246,37.80397136363637,-122.45242636363633,22
247,37.71893233333333,-122.44852133333337,30
248,37.74729054054053,-122.48833756756761,37
249,37.74442718411553,-122.4242970758122,277
250,37.76370027563401,-122.45713727673642,907
251,37.78522122023811,-122.44588113095237,336
252,37.80679881331408,-122.40643018813283,1382
253,37.75394544000001,-122.39856615999994,125
254,37.75622731707313,-122.40884310975609,328
255,37.76385367741939,-122.46941496774194,155
256,37.778820817146695,-122.4060919022104,1493
257,37.7377724,-122.49363199999999,25
258,37.75566086956521,-122.4741789130435,46
259,37.79209149215551,-122.40389000852672,5864
260,37.79359352067868,-122.43249184517498,943
261,37.734706315789474,-122.46133789473686,19
262,37.78010020629188,-122.38991831356387,1939
263,37.73570924242426,-122.5028890909091,66
264,37.713926,-122.48525,5
265,37.786249594594594,-122.4713382432432,74
266,37.774021250000004,-122.49312375,32
267,37.73931032490978,-122.41739895306853,277
268,37.75934161290323,-122.45117258064518,93
269,37.77291538461539,-122.4809671153846,52
270,37.78414342857143,-122.48236449999993,140
271,37.77818092783505,-122.48761835051542,97
272,37.78906558196219,-122.39555450335122,1641
273,37.74950625,-122.50750708333334,24
274,37.72043859649121,-122.47652736842107,57
275,37.717533333333336,-122.45896625000002,24
276,37.727646969696984,-122.4795953030303,66
277,37.73658470588235,-122.43580941176467,51
278,37.76502323404256,-122.44219868085108,235
279,37.77522523364486,-122.46125962616819,107
280,37.80081283452091,-122.42453802850355,1263
281,37.71416272727273,-122.45154727272728,33
282,37.78701112499998,-122.46227968750001,160
283,37.72488296296297,-122.45759333333335,27
284,37.7564346153846,-122.44286502024286,247
285,37.7718647826087,-122.50370978260868,46
286,37.79555988776054,-122.42343691608768,1871
287,37.780392565789455,-122.47745760964902,456
288,37.740364920634896,-122.4113961904762,63
289,37.720650769230765,-122.39088653846156,26
290,37.71662142857143,-122.43234904761903,21
291,37.761820263157894,-122.48138657894738,76
292,37.76683555555556,-122.48516444444444,9
293,37.793155612149484,-122.41695451869168,2140
294,37.75556,-122.38457,1
295,37.76917238095238,-122.46527333333331,21
296,37.774507567567575,-122.38753648648647,74
297,37.74296833333333,-122.45075433333332,30
298,37.748430666666664,-122.45741066666666,15
299,37.730267500000004,-122.47116444444448,36
300,37.75148708333333,-122.47018041666665,24
301,37.79828333333333,-122.47364666666668,3
302,37.76952899082568,-122.51054807339459,109
303,37.76190024999999,-122.44706633333325,240
304,37.71325979591837,-122.45611612244898,49
305,37.75070803191486,-122.41786321808523,752
306,37.78581305144585,-122.40625756724955,5948
307,37.76770428729279,-122.42448017679587,905
308,37.7328734375,-122.38674250000001,32
309,37.805735148063775,-122.43200218678814,439
310,37.713840454545455,-122.4690340909091,22
311,37.78744371428572,-122.48876571428573,35
312,37.725656666666666,-122.39387083333332,12
313,37.760369764705885,-122.50738223529409,85
314,37.734830714285714,-122.451575,14
315,37.76600826923078,-122.41003880769232,520
316,37.70969302325581,-122.45744279069766,43
317,37.734841153846155,-122.40091461538462,26
318,37.77387846846846,-122.47191360360358,111
319,37.73369099999999,-122.48010100000002,10
320,37.725764999999996,-122.37980999999999,2
321,37.7787653488372,-122.4426920265781,301
322,37.780762333333335,-122.45471776666656,300
323,37.801583385127635,-122.41701439511634,901
324,37.74327644067797,-122.40116152542376,59
325,37.729476133333335,-122.42378360000002,75
326,37.7430035,-122.43295362499998,80
327,37.76210704819275,-122.40301343373491,166
328,37.746365490196084,-122.40404941176472,102
329,37.711085000000004,-122.39783666666666,12
330,37.733349090909094,-122.4451818181818,33
331,37.72977,-122.36911,1
332,37.711130000000004,-122.38646999999999,3
333,37.7830875,-122.50575,4
334,37.80278949471206,-122.40744371327833,851
335,37.78100387711865,-122.43009144067796,472
336,37.76922856060605,-122.38947143939397,132
337,37.76796125,-122.50041124999998,8
338,37.74546125,-122.50682499999999,8
339,37.73734,-122.36835,1
340,37.738680249999994,-122.47512125,40
341,37.72745793103448,-122.44107344827583,29
342,37.794937777777776,-122.45520194444445,36
343,37.77945761904761,-122.50646023809524,42
344,37.7623452631579,-122.43788766917298,266
345,37.73125622222224,-122.40839488888881,90
346,37.72687466666667,-122.417276,15
347,37.7861232063075,-122.4568985282521,761
348,37.79336575250837,-122.44097969899666,299
349,37.73419384615385,-122.48818846153846,13
350,37.77197430519483,-122.43189355844147,1540
351,37.782340202734545,-122.40520943187212,4242
352,37.708760714285724,-122.42590499999999,14
353,37.76501653543308,-122.47465598425194,127
354,37.75194461538461,-122.44402564102569,117
355,37.80616304709143,-122.41596843952023,2166
356,37.73417727272727,-122.39487863636364,22
357,37.76524564102567,-122.42629774628891,741
358,37.74286187500001,-122.48340937500001,48
359,37.77156531157278,-122.41415332937673,1685
360,37.732676190476184,-122.37935523809521,21
361,37.71892,-122.41852,1
362,37.7744494829932,-122.42821089795908,735
363,37.73305071428572,-122.4140771428571,42
364,37.74674333333334,-122.47318272727271,33
365,37.739131,-122.444524,10
366,37.78567476099426,-122.41354334926703,3138
367,37.71871271604939,-122.39973716049381,81
368,37.7486672,-122.45162,25
369,37.71578818181819,-122.3834981818182,22
370,37.75331102564102,-122.48620461538462,39
371,37.7502912542373,-122.42304423728815,295
372,37.7411,-122.3759,1
373,37.80011861494532,-122.43944277486918,2101
374,37.779146768402185,-122.3955744703771,557
375,37.718490740740734,-122.48423888888891,27
376,37.71839734375,-122.44288499999995,64
377,37.807624567901236,-122.47484516460905,486
378,37.757596835442996,-122.42116671790257,1106
379,37.79509977124172,-122.3947015482027,2448
380,37.75527677419357,-122.4651136559139,93
381,37.72240957446809,-122.42880351063826,94
382,37.712248125,-122.418546875,16
383,37.71120125,-122.46505625,16
384,37.75154051181103,-122.43615330708673,254
385,37.76282567857141,-122.39551271428574,280
386,37.76513237257289,-122.4197667172336,3296
387,37.75148163265306,-122.47893734693879,49
388,37.77545505295008,-122.41935301563278,1983
389,37.71229256410256,-122.44052846153845,39
390,37.773717818410994,-122.4375785056748,1586
391,37.77845605405403,-122.45921972972971,185
392,37.760939169675076,-122.40738292418771,277
393,37.75022727272727,-122.49486363636362,11
394,37.78169669387756,-122.43687040816323,245
395,37.776527740029536,-122.4114605022157,677
396,37.745281999999996,-122.385954,5
397,37.78002362318839,-122.49904710144922,69
398,37.79932518244013,-122.4088394146713,5262
399,37.806944,-122.36854600000001,10
400,37.77495080924854,-122.45262179190749,519
401,37.727136,-122.483972,5
402,37.772789460869596,-122.4534933913045,575
403,37.74614028846153,-122.41463749999996,104
404,37.75317232142858,-122.50544482142855,56
405,37.79206299999999,-122.47918520000003,50
406,37.76292733333333,-122.49106499999999,30
407,37.7968952302026,-122.4003121454882,2172
408,37.80121177987959,-122.42859863284603,1163
409,37.78377937713889,-122.39891156057493,1461
410,37.765273008130094,-122.38692528455283,123
411,37.7730870524017,-122.44591353711797,916
412,37.735676862745095,-122.4207268627451,51
413,37.713464615384616,-122.41146307692308,13
414,37.73981255319149,-122.46727606382984,94
415,37.7544764,-122.45994000000002,25
416,37.75889918552034,-122.43264072398188,221
417,37.726907142857144,-122.46492,21
418,37.78932920828259,-122.38896203410494,821
419,37.76929172500001,-122.40736654999988,400
420,37.78199765745008,-122.39229745775712,1302
421,37.803165888888856,-122.4585373333334,90
422,37.749168589211614,-122.43115464730293,241
423,37.752855833333335,-122.4500225,12
424,37.731290789473675,-122.4308207894737,38
425,37.796101666666665,-122.46582333333335,12
426,37.73173864583333,-122.43691989583334,96
427,37.794502266435956,-122.408672733564,1156
428,37.72325470588235,-122.41702647058823,17
429,37.80185375,-122.37401625,8
430,37.77902905660379,-122.46833367924532,106
431,37.76671617283946,-122.43051433127589,972
432,37.72862772727273,-122.45202454545452,22
433,37.71077266666667,-122.43286266666668,30
434,37.73375466666666,-122.49676866666667,15
435,37.80086358315496,-122.40138822269823,1401
436,37.722149615384616,-122.4727607692308,26
437,37.76506270916336,-122.4614973306773,251
438,37.759724078947386,-122.46559118421055,152
439,37.769201460674154,-122.3980575280899,89
440,37.803041818181825,-122.47080363636364,11
441,37.70891290322581,-122.41651999999995,31
442,37.79043164976708,-122.40103847081387,3649
443,37.73867951219513,-122.50200512195121,41
444,37.72981333333333,-122.49599166666667,6
445,37.7643184090909,-122.4970622727273,44
446,37.788147794486164,-122.44960696741863,399
447,37.728864074074075,-122.38683074074073,27
448,37.7088075,-122.40147,4
449,37.786377164375224,-122.41112268196525,9892
450,37.7823914,-122.44741901666666,600
451,37.79514189749181,-122.4279352780808,917
452,37.726252,-122.50026,5
453,37.71750529411765,-122.39702000000001,17
454,37.74505048543689,-122.40814728155347,103
455,37.759812589285715,-122.38977598214284,112
456,37.7517724455206,-122.39450266343825,413
457,37.73155454545454,-122.4896709090909,11
458,37.77075779569895,-122.42452578853056,1116
459,37.72030318181819,-122.46885454545455,22
460,37.752921993569096,-122.41071337620576,311
461,37.726971999999996,-122.383836,15
462,37.73518949999999,-122.44168299999998,20
463,37.791427749567255,-122.41265575302901,3466
464,37.721502105263156,-122.45738456140347,57
465,37.78628154647437,-122.42166828926304,2496
466,37.74237980392157,-122.49138980392156,51
467,37.797333134642344,-122.43238761921418,2852
468,37.78560084473804,-122.42845493157164,2119
469,37.71797919999999,-122.4039248,25
470,37.78868722371968,-122.4248886702605,1113
471,37.77539916666667,-122.50206066666668,60
472,37.78432271929823,-122.47373982456142,114
473,37.76945428571428,-122.5081542857143,7
474,37.74445375,-122.458278125,16
475,37.77745398373983,-122.47982731707313,123
476,37.71710758620689,-122.47567241379308,58
477,37.75814536082474,-122.47677752577323,97
478,37.789969910886356,-122.40542202071309,4152
479,37.73420999999999,-122.38219,16
480,37.80355157894737,-122.46683105263159,19
481,37.73582000000001,-122.46603294117646,17
482,37.751283282442735,-122.40212000000002,131
483,37.725052352941184,-122.43199970588236,34
484,37.76142836363638,-122.4721509090909,55
485,37.78851441913441,-122.39192164009104,878
486,37.80568089473684,-122.44191752631586,190
487,37.788581927037214,-122.43379668431865,3399
488,37.752075903614475,-122.39076084337354,83
489,37.71216333333333,-122.40309761904759,21
490,37.75625240663898,-122.41887359217527,3374
491,37.78297991416309,-122.46381701716744,466
492,37.73009326315788,-122.4759011578947,95
493,37.70988928571429,-122.44782166666671,42
494,37.77031000000001,-122.493326,10
495,37.742790894988055,-122.42169282816224,838
496,37.78175664705881,-122.48539670588241,170
497,37.729901739130426,-122.44490347826088,23
498,37.73995023255814,-122.48460581395348,43
499,37.775476460481144,-122.40333287514308,873
500,37.76208276338511,-122.42849587219361,579
501,37.74738363636363,-122.50090454545456,11
502,37.782396699438216,-122.42241301966294,712
503,37.736218666666666,-122.50645666666667,15
504,37.76618878881988,-122.40219999999992,322
505,37.7809945488441,-122.41619280387764,1341
506,37.71980222222222,-122.41059333333334,9
507,37.7592485,-122.48383600000004,40
508,37.72317666666667,-122.39860111111109,18
509,37.73923777777778,-122.45058944444443,18
510,37.733524444444434,-122.39873407407406,27
511,37.76676627016126,-122.45277689516129,496
512,37.76974192307693,-122.47899692307695,26
513,37.740895200000004,-122.49633320000002,25
514,37.78197344827587,-122.48124224137923,116
515,37.73936126984127,-122.40982936507937,63
516,37.76762150655021,-122.44929617903922,458
517,37.78164312056736,-122.49196283687938,141
518,37.74135529411765,-122.38502470588234,17
519,37.78773725958868,-122.44035905503051,1799
520,37.791301140142465,-122.44035828978616,421
521,37.757846785714285,-122.49789803571427,56
522,37.75566636363636,-122.45785363636364,11
523,37.78252683615821,-122.47043514124292,177
524,37.72647692307692,-122.42520338461539,65
525,37.75005766129034,-122.39519377016124,496
526,37.76060795454544,-122.50317590909096,44
527,37.77625690140845,-122.49535690140848,71
528,37.77696063492065,-122.47496095238091,63
529,37.76082282608696,-122.49520739130436,46
530,37.73486282051281,-122.4113517948718,39
531,37.758449348837196,-122.44424637209295,215
532,37.7281461111111,-122.40046555555556,18
533,37.759159008746344,-122.41246594752187,343
534,37.77708360189575,-122.46357236966831,211
535,37.717194,-122.42891866666668,15
536,37.70905125,-122.4948325,8
537,37.727002941176465,-122.44601235294118,17
538,37.70930285714286,-122.44156357142857,14
539,37.71774,-122.42264,1
540,37.77491776315789,-122.40573505482453,912
541,37.8027838406828,-122.43703867709813,703
542,37.72174941176471,-122.40353941176475,34
543,37.762770508474574,-122.41555338983062,354
544,37.73848416666667,-122.38112416666667,12
545,37.72033266666666,-122.45136666666666,30
546,37.732426428571436,-122.46952357142858,14
547,37.74842277777778,-122.4911988888889,18
548,37.80009858851676,-122.44458375598084,418
549,37.75500372972974,-122.43835048648653,185
550,37.744305486725644,-122.43911088495575,113
551,37.739457187500015,-122.40434364583332,96
552,37.76516217877095,-122.3944724022346,179
553,37.71602571428571,-122.4961075,28
554,37.71495457142858,-122.46413371428568,35
555,37.776132344262294,-122.44059849180317,610
556,37.73795432432431,-122.42707445945955,74
557,37.72473714893617,-122.43469540425527,235
558,37.78433704590817,-122.43767035928143,501
559,37.71469,-122.50187,1
560,37.787205716716215,-122.39822477669088,2351
561,37.774431419270876,-122.4359744531252,768
562,37.710370000000005,-122.40904636363638,11
563,37.79569901587301,-122.44553965079372,315
564,37.8058358681023,-122.42210251682367,1486
565,37.781562266288944,-122.45141410764874,353
566,37.76445456521739,-122.48813521739133,46
567,37.74911699300699,-122.44459517482514,143
568,37.78761818181818,-122.48578872727273,55
569,37.73902912280701,-122.43361666666662,57
570,37.72296562499999,-122.40880843750001,32
571,37.77608078740158,-122.48410850393695,127
572,37.792283730901914,-122.39486709709203,2029
573,37.75325869565218,-122.4928952173913,23
574,37.78390960199003,-122.45454278606972,201
575,37.79357672021937,-122.4211108032918,2552
576,37.71852963414636,-122.48152621951218,82
577,37.755685199999995,-122.46794699999997,50
578,37.74564931818181,-122.39127249999997,44
579,37.765177509578535,-122.43573053639845,522
580,37.794630000000005,-122.38173333333333,6
581,37.73401857142858,-122.48542285714286,7
582,37.794188125,-122.45141723214284,112
583,37.78088023931627,-122.43338976068365,585
584,37.74484727272727,-122.50364545454545,33
585,37.77151833333333,-122.47351000000002,6
586,37.79500916666667,-122.46149333333334,12
587,37.76240063291139,-122.46773246835446,158
588,37.74741909090909,-122.46514545454546,11
589,37.78205478260868,-122.49574695652173,23
590,37.71201045454546,-122.47151090909095,22
591,37.797225555555556,-122.46952222222222,9
592,37.77107661375661,-122.43882499118172,567
593,37.713436,-122.477404,5
594,37.755281562500016,-122.38799374999991,96
595,37.762581454545455,-122.46234090909098,165
596,37.714085000000004,-122.43632783783791,74
597,37.75447135338342,-122.42561248120296,266
598,37.75714129032258,-122.40058051612908,155
599,37.73536307692308,-122.42282153846153,39
600,37.754223255813955,-122.47746000000001,43
601,37.70957526315789,-122.4309842105263,19
602,37.772605764705865,-122.50997282352935,85
603,37.75072285714286,-122.50139238095237,21
604,37.795792245042506,-122.41565264872501,1412
605,37.729916111111116,-122.3947072222222,18
606,37.77543241379309,-122.50447379310343,58
607,37.7113423255814,-122.38916093023255,43
608,37.74872127659576,-122.47868680851069,47
609,37.77557436058698,-122.44467199161423,477
610,37.76352314655171,-122.47828594827583,232
611,37.742115236220506,-122.42612881889765,254
612,37.733224062500014,-122.4482453125,32
613,37.729063333333336,-122.49301333333334,3
614,37.765275324675365,-122.45460151515147,231
615,37.771223717277486,-122.46785439790584,382
616,37.7438831707317,-122.46392682926829,41
617,37.79950027837257,-122.41305182012846,1401
618,37.7749710165485,-122.44901380614651,423
619,37.76368756476683,-122.4076585751296,386
620,37.798872857142854,-122.47842285714285,7
621,37.7781565083553,-122.41956346525963,1137
622,37.72884113207547,-122.43956641509433,53
623,37.773322762186076,-122.41639166912859,677
624,37.78346805479448,-122.44376323287679,365
625,37.72631541666667,-122.47167541666668,24
626,37.747567820069214,-122.42682117647067,289
627,37.736780731707306,-122.38829756097567,41
628,37.80018450274076,-122.42253642129998,1277
629,37.771275259593665,-122.41746715575611,443
630,37.7990250550551,-122.44088786786781,999
631,37.71231,-122.489515,2
632,37.732228285714285,-122.42763971428569,35
633,37.74861471428572,-122.4083289642857,280
634,37.71852105263159,-122.43464824561406,57
635,37.80197132530121,-122.44953361445788,83
636,37.76480794354839,-122.46797528225812,248
637,37.728238000000005,-122.501964,5
638,37.792356713333334,-122.43461703333345,1500
639,37.76251398373983,-122.44257439024396,246
640,37.709617692307695,-122.46321307692307,13
641,37.78676979057594,-122.46519560209424,191
642,37.74103814814815,-122.41442953703708,108
643,37.75923833333334,-122.48916055555554,18
644,37.717999411764694,-122.38748882352944,17
645,37.73569571428572,-122.45620857142855,14
646,37.7431295209581,-122.47587904191612,167
647,37.775266567164174,-122.48963985074627,67
648,37.773490137763396,-122.41197543760143,1234
649,37.78126714529914,-122.43932035897436,585
650,37.747477741935484,-122.45502806451613,31
651,37.72247239130434,-122.44805326086957,46
652,37.75430750000001,-122.47206550000001,40
653,37.75815536666666,-122.39317600000007,300
654,37.775228903553305,-122.42295297461945,985
655,37.789342110552745,-122.44538042713559,398
656,37.763294253731374,-122.48349776119406,134
657,37.74489545454545,-122.44557181818182,11
658,37.757759750889655,-122.3885831672599,281
659,37.72340238095239,-122.45428357142858,42
660,37.807002117646924,-122.4190001680673,1785
661,37.75570428571429,-122.49021571428572,21
662,37.760500046729,-122.39742565420562,214
663,37.7547894466403,-122.43628992094855,253
664,37.753579734848486,-122.42906121212125,264
665,37.74254555555555,-122.45530194444443,36
666,37.71934803921569,-122.46230725490196,51
667,37.7924153453307,-122.40578166828801,2056
668,37.770290256924895,-122.4454385307102,2491
669,37.797662093023256,-122.45803418604652,43
670,37.78591382436259,-122.3929248725212,353
671,37.735410833333326,-122.4997288888889,36
672,37.738633809523805,-122.46052095238095,21
673,37.73274661016949,-122.42310067796608,59
674,37.78088579124581,-122.46632708754211,594
675,37.753114313725504,-122.48317176470586,51
676,37.750202307692305,-122.4622676923077,13
677,37.73016,-122.3780381818182,11
678,37.77693131412512,-122.39468877723122,2846
679,37.76268151515151,-122.50127015151514,66
680,37.74510090909093,-122.43321504132237,121
681,37.748789369158885,-122.41585584112163,428
682,37.71646410958907,-122.4409580136987,292
683,37.77238569230771,-122.4897113846154,65
684,37.719563437499986,-122.43871875000002,128
685,37.74798333333334,-122.4677211111111,18
686,37.75058428571429,-122.38346178571429,28
687,37.76916145679016,-122.41323043209887,810
688,37.78060801641094,-122.41255975740256,2803
689,37.794764697191205,-122.39703641987388,6159
690,37.80636665116276,-122.41041813953484,1075
691,37.78589742848166,-122.41808173844701,3181
692,37.72383555555555,-122.46532000000002,9
693,37.71545507462686,-122.47243000000002,67
694,37.72228909090909,-122.39269636363635,11
695,37.71148767857143,-122.44642624999997,56
696,37.72744,-122.36478,1
697,37.743675833333334,-122.47022979166668,48
698,37.73781025000001,-122.392317,40
699,37.78678478991594,-122.45317412815139,952
700,37.75761690476189,-122.4396176190476,252
701,37.731930588235294,-122.46338588235294,17
702,37.71651679245282,-122.4507558490566,53
703,37.744528461538465,-122.48703615384616,26
704,37.72079914285716,-122.38726914285712,35
705,37.79071375848429,-122.41767460972818,3536
706,37.72710338461539,-122.40376138461535,65
707,37.75893500000001,-122.44840055555557,36
708,37.779047957860676,-122.39263265802269,1851
709,37.790702474289155,-122.42407725952819,1653
710,37.769302720273714,-122.45184264328513,1169
711,37.78386662921348,-122.48963685393257,89
712,37.763070265486746,-122.50739814159289,113
713,37.74906364963502,-122.44001846715331,137
714,37.7625448501199,-122.41951995803323,1668
715,37.724678095238104,-122.41457999999999,21
716,37.71567785714286,-122.48297285714284,14
717,37.77788979166667,-122.49877020833337,48
718,37.7701175,-122.4838075,8
719,37.75215345963752,-122.41441873146624,607
720,37.77308607999999,-122.45095816000004,375
721,37.72951962962963,-122.42101518518517,27
722,37.787585542406326,-122.44364609467448,507
723,37.731437,-122.375731,10
724,37.73486333333332,-122.47137422222224,45
725,37.73968911764706,-122.38870764705884,34
726,37.739641999999996,-122.47043666666669,15
727,37.76150628205127,-122.42388318910234,1248
728,37.72990092592591,-122.38942333333334,54
729,37.738544000000005,-122.40141685714285,35
730,37.74544854545456,-122.45179836363641,110
731,37.74298285714286,-122.47891321428577,84
732,37.79816133891203,-122.42698326359854,2151
733,37.75637512820515,-122.4296985470086,117
734,37.755309790836556,-122.40512351593647,1004
735,37.731838571428575,-122.47887785714286,14
736,37.74938038461538,-122.48950807692307,26
737,37.713606363636366,-122.396866,55
738,37.7372155882353,-122.44584117647058,34
739,37.78888555555555,-122.48172666666667,9
740,37.73222060606061,-122.4119387878788,33
741,37.73714973684211,-122.41742947368421,76
742,37.73390926470586,-122.40457764705883,68
743,37.77091716049383,-122.45536999999997,81
744,37.756213478260875,-122.50015913043478,23
745,37.726486046511624,-122.40967372093023,43
746,37.804404746621614,-122.43323462837839,592
747,37.744338092485535,-122.43099630057814,173
748,37.776205536181415,-122.42631185701843,1147
749,37.763773529411765,-122.38854705882359,238
750,37.79914844898949,-122.43592642074503,4107
751,37.75933948275859,-122.41010554187196,406
752,37.738590625,-122.48163437500003,16
753,37.7547337704918,-122.39572868852458,61
754,37.76554037190085,-122.4471352066115,242
755,37.74565260869565,-122.48209130434782,23
756,37.73298789473684,-122.45890842105264,19
757,37.77933055700609,-122.39776973890339,1149
758,37.711335500000004,-122.4153055,20
759,37.73039,-122.50352000000001,2
760,37.72925923076922,-122.41625487179488,39
761,37.72331472972974,-122.44180297297294,74
762,37.80418927536234,-122.40942969565215,690
763,37.73456123287671,-122.39260493150687,73
764,37.74613349999999,-122.38761499999998,40
765,37.73168350877194,-122.45086561403508,57
766,37.74220125000001,-122.39762812500001,32
767,37.78125372496662,-122.40832809078756,1498
768,37.77597144827588,-122.45868248275856,145
769,37.72723181818182,-122.45764090909088,11
770,37.74838227005875,-122.42053066536195,511
771,37.746917580645146,-122.45913419354842,62
772,37.784933959134776,-122.40459953846158,8320
773,37.73730181818183,-122.4791481818182,22
774,37.755922500000004,-122.453645,8
775,37.728827068965515,-122.40608724137932,58
776,37.77773199999999,-122.49298249999997,60
777,37.71791714285715,-122.40671857142858,21
778,37.79939218749998,-122.46040479166663,96
779,37.71697708333333,-122.46937125,24
780,37.71517828571428,-122.44569399999995,35
781,37.80504148148147,-122.45070037037038,27
782,37.80904499999999,-122.36725857142858,14
783,37.80439227513232,-122.43950634920623,378
784,37.71860114754099,-122.43077622950821,61
785,37.71115,-122.49373,1
786,37.74381713592232,-122.42664830097083,206
787,37.76860986199575,-122.42005664543517,942
788,37.76086773994361,-122.43498517466479,5668
789,37.73588613636365,-122.42658386363634,44
790,37.71117066666666,-122.45570066666666,30
791,37.74401368421051,-122.4181259649123,114
792,37.76930016460906,-122.43190469135811,486
793,37.78928744035675,-122.4112457101442,4485
794,37.74061923076924,-122.4465946153846,13
795,37.7886531958763,-122.45904371134021,97
796,37.7914083950617,-122.44443864197532,324
797,37.73674476190475,-122.49529619047618,21
798,37.764413695090404,-122.40180173126622,387
799,37.72832625,-122.4681225,8
800,37.80142661016949,-122.45357330508473,118
801,37.80230072289156,-122.422648521358,913
802,37.74397323943663,-122.43749704225353,71
803,37.753553564668756,-122.44270078864349,317
804,37.800145085687916,-122.4411576887448,2159
805,37.798383812824945,-122.44415150779885,577
806,37.794946279069784,-122.45707488372094,43
807,37.80603575613631,-122.40503441409383,2526
808,37.74763714285714,-122.39650410714289,56
809,37.74561535999998,-122.41072528,125
810,37.733336603260874,-122.43412279891308,368
811,37.7192609090909,-122.39226545454548,33
812,37.76211320302649,-122.42605561160163,793
813,37.779245666666675,-122.51192633333334,30
814,37.776375900473965,-122.39880843601897,422
815,37.71396538461538,-122.48073461538462,13
816,37.76511561576356,-122.41194541871924,203
817,37.71168545454546,-122.45824272727272,22
818,37.740181666666665,-122.38312041666667,24
819,37.72538321428573,-122.4610339285714,56
820,37.72140604166666,-122.426825625,48
821,37.795168484042534,-122.43042911347527,1128
822,37.739541176470595,-122.48855705882352,17
823,37.75716298780486,-122.4064537195122,492
824,37.747731942446045,-122.42240045563551,417
825,37.761678404907975,-122.44929987730059,163
826,37.721473404255306,-122.43715651063833,235
827,37.78046782810686,-122.40341991869903,861
828,37.772380000000005,-122.38934655172413,29
829,37.7987831277533,-122.43270870778268,681
830,37.79470160487806,-122.39327088780455,2050
831,37.7551395,-122.48438874999997,40
832,37.72616484848485,-122.47864454545453,33
833,37.776708356732605,-122.39543015315887,6268
834,37.76852918116679,-122.42747551688848,977
835,37.74916559322032,-122.43384146892659,177
836,37.78204155893538,-122.50385121673,263
837,37.786783682310435,-122.449723935018,554
838,37.79817423757655,-122.42226329475831,2938
839,37.76573237668162,-122.46398264573997,223
840,37.79901648936169,-122.45209882978723,94
841,37.76372360248447,-122.47325440993785,161
842,37.76462512630663,-122.423872273519,2296
843,37.73924621621622,-122.43638891891892,37
844,37.785806746442496,-122.40901242076289,6184
845,37.745768125,-122.49750687500001,16
846,37.77183887096775,-122.50735354838709,62
847,37.78113849578818,-122.46122090252705,831
848,37.7528982407407,-122.40872055555549,432
849,37.759247783783785,-122.39900513513511,185
850,37.71352821428572,-122.45886500000002,28
851,37.80225221917809,-122.44471668493149,365
852,37.75745603773586,-122.50593490566037,53
853,37.74435424242423,-122.39854757575756,33
854,37.725706,-122.44995000000002,5
855,37.743500000000004,-122.38373666666666,3
856,37.71596242424243,-122.45280333333335,33
857,37.77726489932885,-122.46610154362419,149
858,37.71068638888889,-122.42148416666666,36
859,37.76871419811323,-122.41054660377358,212
860,37.75281090551178,-122.42320350393709,508
861,37.723348666666666,-122.40669133333334,15
862,37.80284308452248,-122.4017408342479,1822
863,37.790131699059586,-122.43409514106555,1595
864,37.794427272727276,-122.47429818181818,11
865,37.79046888888889,-122.47572666666666,9
866,37.77722660606062,-122.4365593737374,495
867,37.7720843046943,-122.43045074402126,2258
868,37.77813639059313,-122.3916358793458,978
869,37.737941785714284,-122.43148035714285,56
870,37.79517985685074,-122.40311076833196,3423
871,37.754531437499985,-122.40231856250007,160
872,37.77222387614684,-122.39794731651384,436
873,37.721193043478266,-122.47533159420291,207
874,37.755298180147,-122.42337597426467,544
875,37.77654342105263,-122.50821842105265,38
876,37.78866260345584,-122.40184494409749,6887
877,37.80189222222222,-122.4650311111111,9
878,37.74274999999999,-122.40315500000004,62
879,37.708560000000006,-122.46516666666668,3
880,37.79278410613095,-122.4006893019066,3882
881,37.74548935064934,-122.4008893506494,77
882,37.8080622363151,-122.41576074098796,1498
883,37.77539189189191,-122.46518304054058,148
884,37.735572499999996,-122.39943222222223,36
885,37.76289092307693,-122.40545061538461,130
886,37.754016721311494,-122.48873081967213,61
887,37.741922954545466,-122.49994863636365,44
888,37.757934571428585,-122.50863442857136,70
889,37.75397266666667,-122.45053133333332,15
890,37.781522533724356,-122.43237825219958,1705
891,37.734624,-122.41644438095234,105
892,37.72166291666667,-122.45962041666667,24
893,37.80366059471366,-122.41518882158596,1816
894,37.78590234597157,-122.45948028436018,422
895,37.73190333333333,-122.48128666666668,3
896,37.75676424936384,-122.41146989821874,393
897,37.76559868217055,-122.4575948837209,129
898,37.72061253731345,-122.39991656716424,67
899,37.77564466216213,-122.46818547297295,148
900,37.75112187500001,-122.45265437500001,16
901,37.78627695652173,-122.46822000000002,69
902,37.789780645161294,-122.45475741935485,31
903,37.76235115254237,-122.43998189830518,295
904,37.72087385000001,-122.44708264999997,200
905,37.781847103386866,-122.40147066844919,1122
906,37.726184,-122.481242,5
907,37.80097197715924,-122.42618215560313,1401
908,37.7489129752066,-122.40459793388428,121
909,37.7492784237726,-122.42778416020678,387
910,37.73468516129033,-122.49423677419355,31
911,37.776081713836504,-122.40882902515723,636
912,37.72520133333334,-122.43706244444446,45
913,37.73535733333333,-122.379782,15
914,37.78603846153847,-122.4750803076923,65
915,37.79082787214191,-122.43190701819903,2143
916,37.76421742857143,-122.4947942857143,35
917,37.71216789473684,-122.44279999999999,19
918,37.771747662721914,-122.43538264792905,676
919,37.803761333333334,-122.47395266666666,15
920,37.7670775572519,-122.39646992366407,131
921,37.74572333333333,-122.50176833333335,6
922,37.802530673352415,-122.42478184813744,698
923,37.782877291280165,-122.42450552875694,539
924,37.75035486111111,-122.39058263888887,72
925,37.80524822474592,-122.41701977884014,1673
926,37.7106924137931,-122.46732000000004,29
927,37.75334306122449,-122.50779367346938,49
928,37.79035248062015,-122.45136465116279,129
929,37.748786,-122.43714118918919,185
930,37.72127038461539,-122.4673273076923,26
931,37.804978246753265,-122.42520948051946,462
932,37.77941577181208,-122.44505442953015,149
933,37.78196701438849,-122.3887063489209,556
934,37.77695325925926,-122.47119325925931,135
935,37.756329916666616,-122.41724537500001,480
936,37.73033410714286,-122.39965125,56
937,37.78117452978056,-122.45889589341691,638
938,37.71823,-122.41435,1
939,37.71810478260869,-122.45643608695651,23
940,37.729131538461544,-122.40876230769231,26
941,37.752922,-122.45695900000001,10
942,37.784299148877686,-122.4081598305084,10915
943,37.75924396226416,-122.47455000000002,53
944,37.791457105831505,-122.39885285405764,3241
945,37.71653045454546,-122.46177045454543,22
946,37.725324,-122.454952,5
947,37.73203650000001,-122.39634199999998,20
948,37.78018808714133,-122.39436040382569,941
949,37.7495775,-122.50571500000001,12
950,37.753612142857136,-122.38613214285715,28
951,37.73306560975608,-122.38891097560978,41
952,37.73735693877553,-122.39619326530617,49
953,37.79117396350938,-122.41523195652209,2576
954,37.71134055555556,-122.452155,18
955,37.710065882352936,-122.46044529411765,17
956,37.775051811594174,-122.40099173913033,414
957,37.72088344827587,-122.48412965517238,29
958,37.78569144230771,-122.47996355769234,104
959,37.712027142857146,-122.39993999999999,14
960,37.76841779661018,-122.46741576271185,59
961,37.70881444444444,-122.43431444444445,9
962,37.74784488888887,-122.47578711111113,90
963,37.769275,-122.496515,2
964,37.798424205344546,-122.44650630098448,711
965,37.711010769230775,-122.42672769230768,13
966,37.737504,-122.462853,10
967,37.752741579093666,-122.41852050319775,3597
968,37.76773253521126,-122.43762318309847,355
969,37.7805462099125,-122.47473005830902,343
970,37.76037566929136,-122.40413338582668,127
971,37.76012775510203,-122.50104938775512,49
972,37.710404,-122.48403799999998,5
973,37.793608048780484,-122.47889975609755,41
974,37.751966153846155,-122.46206846153846,13
975,37.73769105263158,-122.47292578947368,19
976,37.73964518987343,-122.41987227848104,158
977,37.74464709677418,-122.47435935483871,31
978,37.73413032258065,-122.44281548387094,31
979,37.780028281786954,-122.48736690721653,291
980,37.71953810810811,-122.42903162162168,37
981,37.72905000000001,-122.454961,10
982,37.760318294573636,-122.43871755813956,258
983,37.766570201072376,-122.40719591152812,746
984,37.75398486486488,-122.4445867567567,111
985,37.80679346929198,-122.41373675574278,2133
986,37.717873,-122.445859,10
987,37.76104833333334,-122.50891681818182,66
988,37.79079969281042,-122.39318981699346,1530
989,37.74535540540541,-122.49000486486487,37
990,37.79996242055442,-122.40748368492218,1479
991,37.73220166666666,-122.48730833333333,12
992,37.78350097222223,-122.49212986111112,72
993,37.79521356984481,-122.43420624168535,902
994,37.765159987849366,-122.41785907654939,823
995,37.746136,-122.44859760000001,25
996,37.76980287216379,-122.44854397897062,1807
997,37.759955000000005,-122.48101759999997,50
998,37.73117380281691,-122.42561309859155,71
999,37.770636259259255,-122.44361882716052,810
1000,37.78231006369426,-122.47853076433121,157
1001,37.754132051282056,-122.50323974358976,39
1002,37.7666052631579,-122.38926552631577,38
1003,37.72089666666667,-122.41617888888888,9
1004,37.77760484848485,-122.45542479797987,198
1005,37.73573407407408,-122.44869,27
1006,37.73097166666667,-122.38639166666665,24
1007,37.78386400317712,-122.43954340746645,1259
1008,37.77305795918367,-122.48405625850337,147
1009,37.7932916932907,-122.4145642428117,1565
1010,37.799158232413134,-122.41878108192351,2246
1011,37.7876410678162,-122.40826440971617,12062
1012,37.73168417910449,-122.47421417910444,67
1013,37.76173995121951,-122.4446195121951,205
1014,37.78568988095236,-122.39698968650819,2520
1015,37.73327071428571,-122.49105666666665,42
1016,37.771448265306105,-122.5102079591837,98
1017,37.7424898765432,-122.40911469135801,81
1018,37.75834914893617,-122.4725289361702,47
1019,37.761016324786326,-122.47833247863245,117
1020,37.73359454545453,-122.40193272727271,22
1021,37.762450315315306,-122.39174734234237,222
1022,37.80242343750003,-122.43951158333337,480
1023,37.787906295264634,-122.42715000000005,1077
1024,37.72677666666666,-122.39842583333332,12
1025,37.74230714285715,-122.4535361904762,21
1026,37.72983714285714,-122.48649785714284,14
1027,37.80051167983366,-122.4094754760915,2405
1028,37.76479633333338,-122.42194449881801,4230
1029,37.74102966666668,-122.46212533333332,30
1030,37.75050057142857,-122.3996582285714,175
1031,37.7297322,-122.43337199999998,50
1032,37.74769809523809,-122.48602285714284,21
1033,37.7784172072072,-122.48509387387394,111
1034,37.79296018001245,-122.42321296089408,1611
1035,37.719535,-122.388813,20
1036,37.754144938271615,-122.47629567901241,81
1037,37.72869806818183,-122.43123606060612,264
1038,37.80502489690722,-122.43536108247422,194
1039,37.74048625,-122.48208208333334,24
1040,37.7699260565724,-122.42242782029969,1202
1041,37.738221666666675,-122.43870770833333,48
1042,37.739247999999975,-122.41336704000001,125
1043,37.77123186046513,-122.3865753488372,43
1044,37.72318982142858,-122.43144339285712,56
1045,37.77479521647314,-122.43094036958826,947
1046,37.75073958955227,-122.40896895522394,268
1047,37.73441226190474,-122.39101035714286,84
1048,37.75579333333334,-122.38216333333334,3
1049,37.79506104899927,-122.41823910282962,1449
1050,37.72894695652175,-122.42638130434783,115
1051,37.80386000000001,-122.45480500000001,34
1052,37.74184633333333,-122.50423666666667,30
1053,37.77213461538461,-122.49597974358967,78
1054,37.73155318181818,-122.38260545454541,22
1055,37.753090713127996,-122.4166094813614,617
1056,37.78028109589043,-122.50470657534245,146
1057,37.793801258680524,-122.41253085937508,1152
1058,37.770121452991496,-122.42613552706551,702
1059,37.735015,-122.45927000000002,14
1060,37.722425263157895,-122.39572605263156,38
1061,37.761379508196725,-122.48382754098364,61
1062,37.727545000000006,-122.37247749999999,4
1063,37.808136000000005,-122.47100133333333,15
1064,37.796006903729364,-122.42583228967914,1153
1065,37.75033178160919,-122.44241948275864,174
1066,37.76547276381909,-122.47707763819095,199
1067,37.7388121875,-122.4912865625,32
1068,37.76075432432433,-122.50570027027028,111
1069,37.765169704035934,-122.4314902062779,1115
1070,37.77239547379033,-122.4285470766129,992
1071,37.758617484098906,-122.41905621201396,1415
1072,37.74803323529412,-122.48164970588238,34
1073,37.71100647058824,-122.39131705882352,17
1074,37.71823299999999,-122.47815700000001,20
1075,37.7347776388889,-122.4131136111111,72
1076,37.77803520393819,-122.41629003516172,1422
1077,37.73288294117648,-122.43821705882355,17
1078,37.76354654618473,-122.44585437751009,249
1079,37.734626923076924,-122.46824384615383,13
1080,37.800774999999994,-122.47341833333333,6
1081,37.74249403508771,-122.4860498245614,57
1082,37.782647229601494,-122.42733946869069,527
1083,37.773758629032265,-122.47926451612899,124
1084,37.785145320926645,-122.4211507216103,2633
1085,37.715764444444446,-122.43463666666668,18
1086,37.764599512195126,-122.49040024390243,41
1087,37.772728750000006,-122.50069562499999,48
1088,37.74976458333334,-122.47194583333335,24
1089,37.78463566756279,-122.40117281361995,2232
1090,37.78071838461544,-122.46969548076918,520
1091,37.73337203703703,-122.4067437037037,54
1092,37.77938584158416,-122.48947168316832,101
1093,37.777250660856915,-122.42136360929537,1377
1094,37.797909774876125,-122.4038656956323,2221
1095,37.78694381685368,-122.41465503522053,3833
1096,37.72148857142857,-122.41002642857143,14
1097,37.71917181818182,-122.47478386363638,44
1098,37.748753592657415,-122.41817736013995,1144
1099,37.73703380952382,-122.41130357142856,42
1100,37.76509790035588,-122.39660380782918,281
1101,37.755720000000004,-122.50592055555555,18
1102,37.7595875111111,-122.46292862222218,225
1103,37.72419818181818,-122.41885363636361,11
1104,37.77566092436975,-122.48172638655463,119
1105,37.76685169164884,-122.43332479657383,467
1106,37.75341703703704,-122.4951911111111,27
1107,37.781737719298256,-122.45347136842102,285
1108,37.787248705089745,-122.40413162050885,5344
1109,37.73131727272726,-122.44662454545454,44
1110,37.72735129032258,-122.42202096774193,31
1111,37.76371259803922,-122.47660808823525,204
1112,37.796577169811314,-122.43936393867921,424
1113,37.802408255269285,-122.40311370023427,854
1114,37.76239526653816,-122.43506472275737,4671
1115,37.75309,-122.46811285714284,28
1116,37.777026032350086,-122.42467603235006,1051
1117,37.79816404102348,-122.40728432015226,4729
1118,37.77063,-122.48634,4
1119,37.714245000000005,-122.40403199999999,20
1120,37.785856269035584,-122.43008384094755,1182
1121,37.711142499999994,-122.39566138888888,36
1122,37.740489999999994,-122.37794000000001,3
1123,37.77787213592234,-122.4298506472492,309
1124,37.756925679347795,-122.43484616847823,368
1125,37.72420478260869,-122.48460391304344,23
1126,37.74350583333333,-122.40530869047622,84
1127,37.78515723320156,-122.46413743083004,253
1128,37.733647500000004,-122.5059275,4
1129,37.72200819672131,-122.4006721311475,61
1130,37.7119845,-122.40619199999999,40
1131,37.73605769230769,-122.45383,13
1132,37.77385462760669,-122.44018982125121,1007
1133,37.78342609988771,-122.41584185185205,1782
1134,37.78688939075626,-122.45159474789916,476
1135,37.79739365372379,-122.40972814131135,1571
1136,37.77121285714283,-122.45938369047619,84
1137,37.78546099099099,-122.48562486486485,111
1138,37.803145029469505,-122.43166005893912,509
1139,37.78758712290493,-122.41981637731072,4654
1140,37.738797941176465,-122.46610470588236,34
1141,37.7397904,-122.47262799999999,25
1142,37.76821756521739,-122.39094234782614,115
1143,37.78661778082187,-122.43323825342483,1460
1144,37.74654277777778,-122.5049677777778,18
1145,37.76402343672448,-122.46639697270471,806
1146,37.79295333333334,-122.48313999999999,3
1147,37.74079565217391,-122.4024356521739,23
1148,37.793793985812876,-122.3962468903366,5216
1149,37.71911657894737,-122.39766289473683,38
1150,37.7516306582279,-122.42056846835459,790
1151,37.75149820788528,-122.42987494623664,558
1152,37.75169253807108,-122.43819908629438,197
1153,37.727526818181815,-122.39305318181819,22
1154,37.72028187499999,-122.47913875000002,64
1155,37.78675737704918,-122.47338081967212,61
1156,37.76061316872428,-122.39387716049394,243
1157,37.77818374371858,-122.39356382747057,1194
1158,37.75357589743591,-122.46573858974357,78
1159,37.770199082706746,-122.40366398496225,665
1160,37.76005090909091,-122.46767025974025,77
1161,37.759940775602324,-122.42138893825295,1328
1162,37.790402986030244,-122.39025320721753,1718
1163,37.80096333333333,-122.46972999999998,6
1164,37.76514441176471,-122.48308754901957,102
1165,37.78354632863852,-122.39047390610334,1065
1166,37.70964,-122.38477,1
1167,37.73917739130436,-122.50565130434785,23
1168,37.725770526315785,-122.38693526315791,19
1169,37.73721666666667,-122.45209777777778,9
1170,37.78529466321243,-122.45787932642487,193
1171,37.77610796296299,-122.42912959595982,594
1172,37.71604389830508,-122.47399661016948,59
1173,37.74251694444444,-122.48984166666666,36
1174,37.70916545454546,-122.43875636363639,33
1175,37.780289023178824,-122.47983490066213,604
1176,37.7170287037037,-122.39917277777784,54
1177,37.74713146226414,-122.43194047169814,212
1178,37.71542258064516,-122.46783870967744,31
1179,37.7748871287129,-122.41323621562172,909
1180,37.79552578947369,-122.46450842105263,19
1181,37.76517913385827,-122.47208716535437,127
1182,37.736332499999996,-122.47470750000001,16
1183,37.778928646616535,-122.49677571428573,133
1184,37.78590069444443,-122.48283791666664,72
1185,37.76111141924955,-122.43311646003255,613
1186,37.72537642857144,-122.44010500000002,28
1187,37.727648,-122.48197,5
1188,37.7521347887324,-122.44575084507035,142
1189,37.78227182124794,-122.44258979763922,593
1190,37.77110575000001,-122.41186300000005,840
1191,37.724836666666675,-122.4290734615385,78
1192,37.742526612903234,-122.42397580645165,186
1193,37.75053941176471,-122.44581784313723,102
1194,37.76449810810812,-122.50074621621621,74
1195,37.7965282,-122.45546520000002,50
1196,37.77369777358498,-122.42149876729555,1590
1197,37.78283946372236,-122.46568457413251,317
1198,37.77377331501829,-122.44340432234442,546
1199,37.77419774058579,-122.39566861924682,239
1200,37.784965405405394,-122.41085798648636,2220
1201,37.75406918032787,-122.47913622950823,61
1202,37.78745557278209,-122.44699331610686,1161
1203,37.76288074074075,-122.46043197530867,243
1204,37.715337413793094,-122.43881793103448,58
1205,37.7394117204301,-122.40736720430104,93
1206,37.7290605,-122.463872,20
1207,37.78808742207634,-122.39973517693903,4267
1208,37.72843458333333,-122.38471250000003,24
1209,37.791957435316945,-122.42065833764515,3092
1210,37.748219999999996,-122.494333125,16
1211,37.740756749999996,-122.45959875000001,40
1212,37.79870571428571,-122.47088428571429,7
1213,37.807024930737654,-122.4205183976039,2671
1214,37.74177787401574,-122.43073661417326,127
1215,37.75410980582524,-122.39273378640775,103
1216,37.77764827230049,-122.41330719248838,1065
1217,37.73290444444445,-122.48369666666667,9
1218,37.74154045454545,-122.46988272727275,22
1219,37.777067923728815,-122.45784101694916,236
1220,37.75954264705882,-122.48618352941179,34
1221,37.78803301837275,-122.42171568241494,1524
1222,37.70832,-122.42852400000001,5
1223,37.715492727272725,-122.45493272727272,22
1224,37.77758691666667,-122.47722750000001,120
1225,37.76750148914433,-122.42901431673033,3915
1226,37.72463833333334,-122.40473291666665,24
1227,37.77229184210526,-122.5055197368421,38
1228,37.76411230723249,-122.43312365212192,1673
1229,37.76347345959593,-122.41777303030302,396
1230,37.75808571428571,-122.38579285714283,21
1231,37.77660608247421,-122.48657453608243,97
1232,37.751350330661346,-122.43400346693382,998
1233,37.79930358951961,-122.4157971528385,1145
1234,37.760333717277476,-122.38839722513092,191
1235,37.750159999999994,-122.49990904761901,21
1236,37.76472787234043,-122.48518106382976,47
1237,37.76868120987655,-122.45331234567914,810
1238,37.7755464102564,-122.49810794871794,78
1239,37.76664666666667,-122.51039249999998,12
1240,37.79219086519111,-122.44308605633813,497
1241,37.72217,-122.42061,1
1242,37.72034128205128,-122.4830446153846,39
1243,37.74386,-122.506320625,16
1244,37.733541093750006,-122.42896546875001,64
1245,37.770739999999996,-122.47709250000001,4
1246,37.777517189542515,-122.44954111111112,153
1247,37.76668639534884,-122.39979372093023,86
1248,37.79037137349403,-122.42620666666673,1245
1249,37.73772240000001,-122.50033440000001,25
1250,37.71584375,-122.41323750000001,8
1251,37.748464186046505,-122.45973325581399,43
1252,37.77906607905137,-122.41045928063244,1265
1253,37.736467199999986,-122.39380699999998,50
1254,37.781956216216244,-122.44959862934367,518
1255,37.755971333333335,-122.49567466666666,15
1256,37.75552110042733,-122.4209007478632,936
1257,37.757872258064516,-122.49565129032257,31
1258,37.800679961457575,-122.43640684653136,2854
1259,37.756041875,-122.47008453124997,64
1260,37.75963772222224,-122.4149558333333,360
1261,37.709196875,-122.4237325,32
1262,37.738723636363645,-122.38670818181818,22
1263,37.768804484374996,-122.41564895312483,640
1264,37.76116177083332,-122.40993295138888,288
1265,37.798455961055325,-122.40149912060284,1592
1266,37.76769829326924,-122.41782091346155,416
1267,37.79638153030959,-122.40495288257732,2359
1268,37.75002186046512,-122.46661023255814,43
1269,37.71992289473684,-122.44487078947367,38
1270,37.79359526315789,-122.45412578947371,19
1271,37.7169626923077,-122.40249192307692,26
1272,37.77806392248064,-122.440814124031,645
1273,37.71106666666666,-122.41325875,24
1274,37.72975447368422,-122.44245263157893,38
1275,37.80061454545455,-122.4576003030303,33
1276,37.751331775818606,-122.3951980478589,794
1277,37.74115647058824,-122.45689000000002,17
1278,37.796926,-122.37940799999998,5
1279,37.788910075872536,-122.43857650986345,659
1280,37.77168101141925,-122.40790611745516,613
1281,37.77498181818183,-122.47477077922089,77
1282,37.75121,-122.50354846153847,13
1283,37.71037851851851,-122.41866111111112,27
1284,37.7359414084507,-122.4042421126761,71
1285,37.73286192307692,-122.38500653846154,26
1286,37.74130464285714,-122.44897035714287,28
1287,37.77597736842104,-122.49319263157892,57
1288,37.775198225381764,-122.43785573986315,1899
1289,37.77157490000008,-122.43712337999996,1500
1290,37.7286801923077,-122.40340451923072,104
1291,37.784333308823534,-122.47141933823525,136
1292,37.75231881578948,-122.47654249999995,76
1293,37.74076323529411,-122.46583076470593,170
1294,37.76408645914398,-122.45608556420233,257
1295,37.738995,-122.47685156249999,32
1296,37.74410911764705,-122.44405911764707,34
1297,37.75093222222223,-122.45067666666667,9
1298,37.730204,-122.461067,20
1299,37.70933714285714,-122.47094000000001,7
1300,37.80147309859155,-122.45626309859153,71
1301,37.71244636363636,-122.42110272727273,11
1302,37.75203241379309,-122.39762318965516,116
1303,37.761664886363626,-122.46398812500006,176
1304,37.7947544913509,-122.40069806425056,4856
1305,37.721160000000005,-122.46400166666665,12
1306,37.80051505050508,-122.40507713131312,990
1307,37.79857,-122.46565,1
1308,37.765594676258985,-122.41322248201435,278
1309,37.72849277777779,-122.38101611111112,18
1310,37.75134777777778,-122.45498777777779,9
1311,37.76828585526316,-122.40371934210526,152
1312,37.80571310344827,-122.47272103448276,29
1313,37.785389148936176,-122.48732829787237,47
1314,37.71851,-122.39548999999998,18
1315,37.712082,-122.463266,15
1316,37.78726385269121,-122.38808053824368,353
1317,37.71875076923077,-122.39030846153847,13
1318,37.77906995391703,-122.43877379416277,651
1319,37.80673838709677,-122.42853693548385,124
1320,37.79021753875972,-122.39718852390179,3096
1321,37.73005166666667,-122.41389375000001,48
1322,37.752627951219495,-122.40446531707323,205
1323,37.782792832052706,-122.39712727771692,911
1324,37.732074516129025,-122.40545161290316,155
1325,37.74981389380531,-122.39672464601776,226
1326,37.771392121212074,-122.4054051693406,561
1327,37.76097361702127,-122.4912068085107,47
1328,37.734578181818186,-122.4640690909091,11
1329,37.76576882488479,-122.46640191244238,434
1330,37.77347795454545,-122.49123022727275,44
1331,37.77795038793103,-122.46116840517246,232
1332,37.74941693749998,-122.40225481249998,160
1333,37.729800000000004,-122.37668857142856,7
1334,37.75560346153846,-122.46110346153844,26
1335,37.78247672268907,-122.47588218487391,119
1336,37.795916151603464,-122.44262699708457,343
1337,37.804626923076924,-122.46805846153846,13
1338,37.78450979591836,-122.4489529081633,196
1339,37.720771000000006,-122.39417399999999,30
1340,37.72659648305083,-122.43335343220332,236
1341,37.7919719563272,-122.41076091048399,7831
1342,37.7144701923077,-122.44243076923075,52
1343,37.761285199999996,-122.48919839999998,75
1344,37.74692296703296,-122.41338362637362,91
1345,37.76209548387097,-122.49694483870964,62
1346,37.75081315789473,-122.49306105263157,19
1347,37.77909938271605,-122.50058691358026,81
1348,37.74172,-122.395405,4
1349,37.74761148148149,-122.42445997150989,351
1350,37.714233225806446,-122.46245193548381,31
1351,37.75751863636363,-122.45101136363638,22
1352,37.790734687500006,-122.4811578125,32
1353,37.77408042016808,-122.46974773109248,119
1354,37.80316782552083,-122.42932541666659,768
1355,37.73787608695653,-122.46874811594202,69
1356,37.806413636363644,-122.47533636363637,44
1357,37.78485182325582,-122.43136955348866,1075
1358,37.72065608695652,-122.43997869565221,23
1359,37.79149459624402,-122.40739040845057,4260
1360,37.72358794871796,-122.45632974358975,39
1361,37.76033452380953,-122.44289261904757,168
1362,37.76198391304351,-122.46994923913043,92
1363,37.775308648648654,-122.50641810810814,37
1364,37.73987842105264,-122.4919542105263,19
1365,37.71093714285714,-122.41126714285714,14
1366,37.712505675675686,-122.4315702702703,37
1367,37.765568888888865,-122.45961897777775,225
1368,37.72274,-122.5021,1
1369,37.731032000000006,-122.45727200000002,20
1370,37.77076312703582,-122.45367276872963,307
1371,37.78728388992535,-122.42325572761189,1072
1372,37.74292479591838,-122.48142887755101,98
1373,37.735718000000006,-122.414988,80
1374,37.729372999999995,-122.45049300000001,20
1375,37.75058011363635,-122.3886026136364,88
1376,37.72781185185186,-122.44717740740744,27
1377,37.75115232984298,-122.42533997382196,382
1378,37.75230029411765,-122.47439823529415,34
1379,37.802174212368755,-122.41939563593924,857
1380,37.736792592592586,-122.42887981481483,54
1381,37.712678000000004,-122.40904133333332,30
1382,37.80173111111111,-122.46032944444444,18
1383,37.71340444444443,-122.4472975,36
1384,37.723378333333336,-122.39044,6
1385,37.747260609756104,-122.44180646341465,82
1386,37.77058946524062,-122.45189088235287,374
1387,37.71926928571428,-122.45951357142859,28
1388,37.745573611111105,-122.47864972222222,36
1389,37.731078333333336,-122.49779666666666,6
1390,37.74391,-122.45609807692307,26
1391,37.71807979166667,-122.44044427083332,96
1392,37.77202694915253,-122.46649508474577,59
1393,37.712126250000004,-122.43811281250002,32
1394,37.766970858895725,-122.44451671779142,326
1395,37.77320892744485,-122.41883988958998,634
1396,37.77582276965262,-122.44641018281514,1094
1397,37.742075744680854,-122.4940985106383,47
1398,37.80149302439024,-122.44313756097559,410
1399,37.773124258373215,-122.44826631578944,418
1400,37.7374131147541,-122.42226721311474,61
1401,37.751037000000004,-122.48789500000005,40
1402,37.75747056603773,-122.47995075471697,53
1403,37.77727673773989,-122.40797122601292,938
1404,37.725429444444444,-122.46323944444445,18
1405,37.798517778183054,-122.42443963516962,2741
1406,37.806878681318665,-122.44703923076929,91
1407,37.78540483306824,-122.40006588036549,5032
1408,37.77472989583335,-122.45450035416675,480
1409,37.72572043478261,-122.44237217391309,23
1410,37.78109788461537,-122.49412576923083,104
1411,37.75620981132076,-122.3986896226415,159
1412,37.71965903225806,-122.45476677419353,31
1413,37.73946842105263,-122.48639894736841,19
1414,37.78524477243171,-122.43541150845249,769
1415,37.745687324561395,-122.42651846491238,228
1416,37.76364136986301,-122.4812210958904,73
1417,37.74553111111111,-122.48429555555556,18
1418,37.790131422487164,-122.42225290459945,3522
1419,37.79293999999999,-122.4802145833333,48
1420,37.78011104072399,-122.4824148868778,442
1421,37.78280706042089,-122.42052182620486,1473
1422,37.78991862068967,-122.44784900000003,290
1423,37.72605,-122.38119750000001,4
1424,37.78707361858191,-122.44529063569676,409
1425,37.75608529761908,-122.43254482142868,168
1426,37.77176045454545,-122.46193181818184,22
1427,37.79198666666666,-122.47739666666666,33
1428,37.80017386309737,-122.43778535411722,2951
1429,37.76082624060149,-122.43656659774437,532
1430,37.774748712871286,-122.4774050495049,101
1431,37.78703393794747,-122.39434747016693,838
1432,37.73158204081631,-122.443883877551,49
1433,37.76517525373141,-122.42871264179108,670
1434,37.78060360248452,-122.3908266015968,2254
1435,37.72791047619047,-122.44398666666666,21
1436,37.75753637168145,-122.46687964601769,113
1437,37.73685448275863,-122.38305310344828,29
1438,37.78292884238649,-122.39351035618881,1123
1439,37.715589740259745,-122.39853181818178,77
1440,37.73016428571429,-122.49090428571428,7
1441,37.78247326530613,-122.47375418367345,98
1442,37.722475625,-122.46929125,16
1443,37.78546644171778,-122.44354073619627,326
1444,37.74715333333333,-122.4502319047619,21
1445,37.76948894852142,-122.45042903066772,1826
1446,37.761624285714305,-122.40040967032961,182
1447,37.7334691935484,-122.48986193548392,62
1448,37.779040112359546,-122.46571269662918,178
1449,37.73644074074073,-122.49684000000003,27
1450,37.73470561224489,-122.43370938775514,98
1451,37.73029648648648,-122.43574189189191,37
1452,37.755979547511295,-122.44057493212675,221
1453,37.744282631578955,-122.46604578947364,38
1454,37.73512230769232,-122.41868399999998,65
1455,37.753702999999994,-122.45271299999999,10
1456,37.78009647969049,-122.48505104448743,517
1457,37.745941056910546,-122.41674829268291,123
1458,37.777338013468,-122.44486010101005,297
1459,37.78043637868972,-122.41856068394544,1389
1460,37.717431818181815,-122.42735545454546,22
1461,37.77729169503552,-122.40403879432638,1410
1462,37.80451630136984,-122.44816780821913,292
1463,37.726125365853676,-122.40259597560974,82
1464,37.75145821428572,-122.48107821428573,28
1465,37.75122182432433,-122.39393719594605,296
1466,37.757333709677425,-122.48499145161297,62
1467,37.74233615384616,-122.4976766666667,39
1468,37.75795210526316,-122.49078315789474,19
1469,37.79312578657864,-122.430074730473,909
1470,37.77362674025977,-122.42515971428584,770
1471,37.72446811320755,-122.45970679245285,53
1472,37.71838321428571,-122.45115892857143,28
1473,37.74003918918919,-122.39964243243243,37
1474,37.757903671875006,-122.44590531249992,128
1475,37.7533354420432,-122.41243410609046,509
1476,37.7386325,-122.49615843749999,32
1477,37.743809999999996,-122.49623833333334,18
1478,37.77555871794872,-122.39005269230766,78
1479,37.73734608910889,-122.42414698019797,202
1480,37.74196700000001,-122.502137,30
1481,37.80452636563874,-122.43757698237877,454
1482,37.77787298165136,-122.40035009174305,218
1483,37.727147083333335,-122.47484125000005,48
1484,37.77481274932618,-122.43255199460917,742
1485,37.756187519379836,-122.42757255813956,258
1486,37.80517312267657,-122.42358548946714,807
1487,37.80125383999996,-122.44725231999996,250
1488,37.75808571428571,-122.45340785714288,14
1489,37.739431764705884,-122.39110500000002,34
1490,37.771719814299,-122.43362106778099,1077
1491,37.77227699446834,-122.42263755992617,1627
1492,37.74253206896551,-122.43542862068965,58
1493,37.781402272727284,-122.50672181818184,22
1494,37.762834601769924,-122.4541682300885,113
1495,37.76412361823363,-122.46404615384607,351
1496,37.752669852941196,-122.3877242647059,68
1497,37.729,-122.37202625,8
1498,37.7830766469719,-122.41372407680949,1354
1499,37.755838823529416,-122.45550647058823,17
1500,37.80833158156538,-122.40990718361267,6835
1501,37.73666625,-122.4915,8
1502,37.787729241466515,-122.39055260429822,791
1503,37.746913053435115,-122.40682122137403,131
1504,37.76489813397132,-122.45281935406693,418
1505,37.78203864406779,-122.48346949152551,177
1506,37.730223305785124,-122.42948115702475,121
1507,37.79017075506449,-122.42889938305704,1086
1508,37.758011109090916,-122.42355243636378,550
1509,37.7621488888889,-122.49312266666666,45
1510,37.780065,-122.4914085,120
1511,37.763335170454575,-122.39339375000007,176
1512,37.751186830601085,-122.41218513661207,183
1513,37.7340676923077,-122.43630500000002,26
1514,37.77466624390243,-122.45852921951224,205
1515,37.72793923076923,-122.41452538461539,13
1516,37.78195128000004,-122.48811112000001,125
1517,37.75166285714286,-122.4958823809524,21
1518,37.75189555555555,-122.45855444444445,9
1519,37.72014,-122.42547076923077,13
1520,37.784166862745096,-122.47581901960788,102
1521,37.762963170731716,-122.49922292682929,41
1522,37.7129547368421,-122.43455105263156,19
1523,37.72413852941177,-122.4747405882353,34
1524,37.75797616161617,-122.39065949494945,99
1525,37.77009240556663,-122.44694057654063,1509
1526,37.72987545454545,-122.46943954545455,22
1527,37.71413173913044,-122.4665086956522,23
1528,37.733543600000004,-122.45028559999999,25
1529,37.78801172597863,-122.4420698754448,562
1530,37.73466080645162,-122.47532580645161,62
1531,37.74650328125,-122.43755218749995,64
1532,37.719236440677975,-122.43288694915256,59
1533,37.759111050420174,-122.40205571428572,238
1534,37.74675166666667,-122.47074033333334,30
1535,37.77428739299607,-122.46336093385209,257
1536,37.78985417676264,-122.40355001787455,5035
1537,37.79765029162044,-122.43063035068278,2709
1538,37.72312279069768,-122.43345139534885,43
1539,37.76453719665271,-122.40388317991633,239
1540,37.73958636363635,-122.42566828282831,99
1541,37.774793035714296,-122.51017910714289,56
1542,37.780640432692294,-122.44791427884618,208
1543,37.768345000000004,-122.4723,6
1544,37.712180000000004,-122.44962999999997,32
1545,37.744654159928146,-122.42051071877803,1113
1546,37.77201499999999,-122.39460166666666,18
1547,37.72666388888888,-122.45232333333333,18
1548,37.778395358649796,-122.4340921518987,711
1549,37.74165700787401,-122.41920496062991,127
1550,37.733475,-122.37702,2
1551,37.781253390313395,-122.45644621082609,351
1552,37.79275090137658,-122.40289783141658,5303
1553,37.77063,-122.48184625,8
1554,37.752001818181824,-122.50639575757576,33
1555,37.760274701055145,-122.41925779601381,1706
1556,37.79667247191011,-122.45133674157302,89
1557,37.75624329545454,-122.4767715909091,88
1558,37.753188181818174,-122.50028909090908,33
1559,37.73453666666666,-122.48318666666667,9
1560,37.76435567251463,-122.4494183918129,342
1561,37.76012096774191,-122.47025919354842,62
1562,37.787377783755694,-122.41248909406465,5762
1563,37.731365499999995,-122.472453,40
1564,37.777629999999995,-122.50217202531645,79
1565,37.78589966814157,-122.43819097345127,452
1566,37.733188,-122.40963945454546,55
1567,37.75438919117648,-122.39051911764709,136
1568,37.78870179456908,-122.43196936245586,847
1569,37.78125536434112,-122.3958626666666,645
1570,37.74499632911391,-122.43556936708862,79
1571,37.767601789473666,-122.39369961403513,285
1572,37.76346097276266,-122.41025163424125,257
1573,37.7293987804878,-122.41923560975609,41
1574,37.7368625,-122.40875708333336,24
1575,37.709452692307686,-122.45426769230772,26
1576,37.719210833333335,-122.46993916666666,36
1577,37.7273376,-122.41938119999998,25
1578,37.76221899641577,-122.46591627240134,279
1579,37.72941710526315,-122.39261263157896,38
1580,37.71520028571428,-122.40854142857138,35
1581,37.72299222222221,-122.48324533333336,45
1582,37.72401391891893,-122.42601594594598,74
1583,37.791845135467895,-122.40937121921172,2436
1584,37.73300897959183,-122.43188224489799,49
1585,37.732029999999995,-122.41785176470587,34
1586,37.75526727272728,-122.44924590909092,22
1587,37.70932225806451,-122.39517258064515,31
1588,37.74874571428571,-122.38741571428572,14
1589,37.76222482352942,-122.4516388235294,170
1590,37.782762324723286,-122.46793110701105,271
1591,37.7852098447205,-122.46183080745345,322
1592,37.77422173611111,-122.39952555555558,288
1593,37.731444067796616,-122.44902508474576,59
1594,37.77613751227498,-122.4429842389525,611
1595,37.73356210526316,-122.45377052631578,19
1596,37.78560293040294,-122.44172234432237,273
1597,37.719762631578945,-122.40522000000003,19
1598,37.78880451510536,-122.406894877914,7249
1599,37.77329539473685,-122.4744444736842,76
1600,37.7538215,-122.49088374999994,40
1601,37.78532014842946,-122.41951050051814,2897
1602,37.72433647058824,-122.4939094117647,17
1603,37.723743461538476,-122.40119509615388,104
1604,37.75833499999999,-122.40893483412323,422
1605,37.76221611111112,-122.47448499999994,108
1606,37.73013229166666,-122.41171104166666,48
1607,37.78109933823528,-122.39958299632359,544
1608,37.75455180887372,-122.40945529010246,293
1609,37.773081212121234,-122.40328682615626,627
1610,37.78466605263157,-122.46943850877193,114
1611,37.79551055555555,-122.46745444444446,18
1612,37.73177125,-122.49469624999999,8
1613,37.79960451289399,-122.4281002578797,698
1614,37.7195224137931,-122.47189482758618,29
1615,37.734076,-122.4403688,25
1616,37.779695371900836,-122.4949460330578,121
1617,37.77876536948746,-122.41497457886354,5034
1618,37.80433996699668,-122.44196323432342,303
1619,37.741812093023256,-122.38794813953493,43
1620,37.7438075,-122.46154142857145,28
1621,37.80830040404046,-122.41431026629905,1089
1622,37.74107820346323,-122.42260415584406,462
1623,37.79340061962123,-122.39309561445788,2905
1624,37.77797724637683,-122.45247352657005,207
1625,37.74749347826087,-122.50696000000005,23
1626,37.71273750000001,-122.40159550000001,20
1627,37.800060465707,-122.43458121930568,1181
1628,37.754003383233524,-122.43435149700595,334
1629,37.71612400000001,-122.44399933333332,15
1630,37.73552166666666,-122.43886,30
1631,37.78826556750941,-122.41692071812822,3718
1632,37.766889386792464,-122.43995141509433,212
1633,37.77368932885903,-122.46752771812086,149
1634,37.807409595959584,-122.4742396969697,99
1635,37.79999909803921,-122.41060135444945,3315
1636,37.79400646739132,-122.43692070652178,368
1637,37.79626885954381,-122.42009039615829,833
1638,37.74589375,-122.492765,24
1639,37.757306875,-122.41422345588241,272
1640,37.73109588235294,-122.38059411764706,17
1641,37.78395101265822,-122.48042778481015,158
1642,37.750098354430385,-122.47637037974683,79
1643,37.78709226107221,-122.43547013986004,429
1644,37.75900786486482,-122.42882448648656,370
1645,37.72804857142857,-122.39432857142857,14
1646,37.74431289377291,-122.42234527472529,273
1647,37.78903235294119,-122.46083823529409,34
1648,37.76935987394959,-122.38641781512602,238
1649,37.785825350987736,-122.41621284993685,2379
1650,37.7210484375,-122.43162249999999,96
1651,37.751492598784175,-122.43198261398177,658
1652,37.71096181818182,-122.40409318181818,22
1653,37.77865731481483,-122.51371592592608,216
1654,37.77793740740741,-122.50454092592594,54
1655,37.80147849218746,-122.41193572656239,1280
1656,37.76785333333334,-122.38577083333332,12
1657,37.73898282758622,-122.41521510344826,145
1658,37.789168079096,-122.44047074858757,708
1659,37.797294223826704,-122.43529860038872,3601
1660,37.778255343659346,-122.39673918683447,1033
1661,37.74985624999999,-122.45396625000001,8
1662,37.77502028301885,-122.40985506003449,1166
1663,37.77921384868421,-122.4268266118422,304
1664,37.74475428571428,-122.47209357142859,14
1665,37.71552727272727,-122.44893787878787,33
1666,37.716275384615386,-122.47844576923075,26
1667,37.77391111111112,-122.5021538888889,36
1668,37.790259090909096,-122.38641181818183,11
1669,37.73458217391305,-122.39668695652172,23
1670,37.74630194444444,-122.45508138888889,36
1671,37.70897,-122.41053500000001,2
1672,37.75999022988506,-122.47660666666667,87
1673,37.751372637362635,-122.40663373626374,182
1674,37.7574205882353,-122.48284911764706,34
1675,37.796743643771805,-122.39699165308498,1718
1676,37.78339981741574,-122.40304068117975,1424
1677,37.713106521739135,-122.45395826086956,23
1678,37.763347815789515,-122.45814427631576,760
1679,37.75275308724831,-122.39293127516781,149
1680,37.78604813602015,-122.38967347607051,397
1681,37.71649571428572,-122.48506571428571,7
1682,37.73158372093023,-122.39312023255813,43
1683,37.78057063345193,-122.4203948185052,1405
1684,37.7475881632653,-122.3938920408163,49
1685,37.77928889600003,-122.43199124800002,625
1686,37.78770293295702,-122.41001776568604,7443
1687,37.80263372938899,-122.4138602327839,2062
1688,37.7767741470589,-122.41766540196089,1020
1689,37.72252048780487,-122.45002317073171,41
1690,37.77419217391305,-122.49579152173908,46
1691,37.782672145328746,-122.44572487889275,289
1692,37.79383580605312,-122.42552529956791,1619
1693,37.741203333333345,-122.4755478787879,33
1694,37.72165224137931,-122.45422086206896,58
1695,37.717045000000006,-122.46423000000001,36
1696,37.75872038461539,-122.50362423076922,26
1697,37.77946316353891,-122.43656825737261,373
1698,37.745825431034504,-122.44034301724136,116
1699,37.80266714285714,-122.46769142857144,7
1700,37.765948925339366,-122.45002372171959,884
1701,37.77984234042554,-122.50918340425534,94
1702,37.761892711864405,-122.39010474576274,59
1703,37.71976115384615,-122.40262884615383,26
1704,37.76761103104214,-122.42218279379159,902
1705,37.73731714285714,-122.37968214285713,14
1706,37.788908750000004,-122.48485041666667,24
1707,37.73684,-122.48652,1
1708,37.76024947712419,-122.44593431372547,153
1709,37.78304039301313,-122.46161831877737,458
1710,37.756353181818184,-122.4935359090909,22
1711,37.79615734821437,-122.42182150223248,4480
1712,37.78825325581396,-122.45735127906973,86
1713,37.73144166666667,-122.4390409090909,66
1714,37.748172414965964,-122.41002098639461,294
1715,37.73220454545455,-122.4671909090909,11
1716,37.745497272727285,-122.50006727272729,11
1717,37.77245303030303,-122.49354424242422,33
1718,37.74716683823529,-122.44466691176473,136
1719,37.726615217391306,-122.46686347826088,23
1720,37.784811494082746,-122.42321226331353,676
1721,37.786174999999986,-122.45500370646769,402
1722,37.7940340131407,-122.39905459921145,3805
1723,37.797474737810504,-122.41774600735967,1087
1724,37.725388734177216,-122.42335481012661,79
1725,37.709644473684214,-122.45016394736845,38
1726,37.755470312499995,-122.49790093749999,32
1727,37.805419634530615,-122.41284697542547,1587
1728,37.79475100475786,-122.40494834872649,3573
1729,37.76269349665924,-122.39737187082413,449
1730,37.800737614520266,-122.43096457216951,1157
1731,37.762863225806456,-122.41322600000001,155
1732,37.80598150922513,-122.41802066420675,2710
1733,37.75294857142858,-122.40143844720502,161
1734,37.783217255880324,-122.43292374910905,1403
1735,37.78740716666666,-122.45532333333338,180
1736,37.7794808350731,-122.42270978079331,958
1737,37.726919677419346,-122.43012129032257,31
1738,37.80321384615386,-122.43502314685324,286
1739,37.78097550000007,-122.4637977777777,720
1740,37.734545,-122.38668166666668,18
1741,37.73571166666665,-122.50500777777778,54
1742,37.73567765124556,-122.42460352313167,281
1743,37.71602333333335,-122.45996541666665,24
1744,37.76610897142857,-122.40386382857137,175
1745,37.773993509833595,-122.43423567322247,661
1746,37.75864155136266,-122.41669186582813,477
1747,37.749044743589714,-122.41367298076923,312
1748,37.76540388489208,-122.47027517985613,139
1749,37.759376085470144,-122.43484957264955,585
1750,37.78377072368421,-122.48475078947372,152
1751,37.71534961538461,-122.40197615384616,26
1752,37.804494972826106,-122.44392228260864,368
1753,37.773714512195106,-122.48578865853659,82
1754,37.7134475,-122.41384875,8
1755,37.79031,-122.47052,1
1756,37.75336696000001,-122.44081655999997,125
1757,37.744963199999994,-122.41284093333336,75
1758,37.71441523809524,-122.47123761904764,21
1759,37.73115473684211,-122.45329131578949,38
1760,37.743198426966295,-122.47398224719099,89
1761,37.72773133333334,-122.47620209523815,105
1762,37.743360647058815,-122.42859699999993,170
1763,37.78572641849536,-122.43992039968647,1276
1764,37.8102475,-122.369145,8
1765,37.779097835051545,-122.47365340206187,97
1766,37.723166919431286,-122.4359743127963,211
